10|1|14|822
10|1|24|1028
10|1|33|1213
10|1|34|1266
10|1|35|1280
10|1|36|1306
10|1|36|1308
10|1|39|1380
10|1|5|302
10|1|5|338
10|1|5|341
10|1|5|346
10|1|5|375
10|1|5|391
10|1|5|398
10|1|5|404
10|2|13|788
10|2|19|914
10|2|19|915
10|2|19|916
10|2|31|1190
10|2|37|1335
10|2|37|1337
10|2|37|1347
10|2|37|1358
10|2|7|1425
10|2|7|459
10|2|7|471
10|2|7|510
10|2|7|511
10|2|7|512
10|2|7|526
10|2|7|527
10|2|7|540
10|2|7|542
10|2|7|559
10|2|7|589
10|3|12|689
10|3|12|715
10|3|12|751
10|3|16|846
10|3|16|852
10|3|1|1
10|3|1|2
10|3|1|28
10|3|1|7
10|3|23|1009
10|3|23|1013
10|3|25|1083
10|3|29|1159
10|3|4|100
10|3|4|80
10|3|8|613
10|3|8|630
10|4|5|109
10|4|5|118
10|4|5|120
10|4|5|1397
10|4|5|1399
10|4|5|148
10|4|5|155
10|4|5|162
10|4|5|172
10|4|5|177
10|4|5|188
10|4|5|213
10|4|5|215
10|4|5|219
10|4|5|247
10|4|5|248
10|4|5|252
10|4|5|253
10|4|5|278
10|4|5|293
10|4|5|304
10|4|5|355
10|4|5|368
10|4|5|385
11|10|11|666
11|10|11|683
11|10|11|688
11|10|11|702
11|10|11|715
11|10|21|1865
11|10|21|1877
11|10|21|1883
11|10|21|1885
11|10|21|1889
11|10|28|2267
11|10|28|2310
11|10|28|2312
11|10|28|2331
11|10|41|2795
11|10|41|2804
11|10|41|2809
11|10|46|2951
11|10|46|2955
11|11|20|1565
11|11|20|1604
11|11|20|1613
11|11|20|1614
11|11|20|1625
11|11|20|1626
11|11|20|1629
11|11|20|1631
11|11|20|1633
11|11|20|1634
11|11|20|1637
11|11|20|1642
11|11|20|1652
11|11|20|1653
11|11|20|3124
11|12|7|3108
11|12|7|3111
11|12|7|3119
11|12|7|344
11|12|7|348
11|12|7|354
11|12|7|370
11|12|7|373
11|12|7|402
11|12|7|405
11|12|7|406
11|12|7|412
11|12|7|432
11|12|7|433
11|12|7|440
11|12|7|455
11|12|7|457
11|12|7|478
11|12|7|531
11|12|7|535
11|13|12|738
11|13|16|917
11|13|16|921
11|13|18|1181
11|13|1|49
11|13|1|9
11|13|26|2070
11|13|26|2090
11|13|42|2830
11|13|42|2839
11|13|42|2841
11|13|42|2842
11|13|42|2872
11|13|42|2880
11|14|10|654
11|14|19|1208
11|14|2|101
11|14|2|122
11|14|2|66
11|14|38|2734
11|14|38|2736
11|14|39|2770
11|14|39|2777
11|14|4|262
11|14|5|307
11|14|5|311
11|14|5|328
11|15|17|1013
11|15|17|1044
11|15|17|1068
11|15|17|1093
11|15|17|1097
11|15|17|1099
11|15|17|1102
11|15|17|1104
11|15|17|1107
11|15|17|1110
11|15|17|1167
11|15|17|1174
11|15|17|955
11|15|17|968
11|15|17|972
11|15|17|987
11|15|17|997
11|1|13|742
11|1|14|760
11|1|14|765
11|1|14|787
11|1|14|795
11|1|14|801
11|1|14|820
11|1|33|2546
11|1|33|2551
11|1|33|2552
11|1|33|2554
11|1|33|2556
11|1|33|2572
11|1|33|2579
11|1|33|2581
11|1|33|2591
11|1|33|2593
11|1|40|2778
11|1|6|333
11|2|32|2525
11|2|32|2538
11|2|32|2542
11|2|3|144
11|2|3|145
11|2|3|149
11|2|3|153
11|2|3|155
11|2|3|157
11|2|3|175
11|2|3|201
11|2|3|209
11|2|3|210
11|2|3|229
11|2|7|501
11|2|7|505
11|2|9|616
11|2|9|617
11|2|9|645
11|2|9|646
11|2|9|647
11|3|20|1267
11|4|15|861
11|4|15|876
11|4|15|897
11|4|15|898
11|4|15|899
11|4|15|900
11|4|30|2379
11|4|30|2394
11|4|30|2440
11|4|30|2445
11|5|20|1522
11|5|20|1576
11|5|20|1745
11|5|20|1746
11|5|20|1777
11|5|20|1781
11|5|20|1786
11|5|20|1794
11|5|20|1802
11|5|20|1803
11|5|20|1805
11|5|20|1807
11|5|20|1853
11|5|20|1858
11|5|20|3010
11|5|20|3023
11|5|20|3030
11|6|20|1308
11|6|20|1333
11|6|20|1348
11|6|20|1363
11|6|20|1365
11|6|20|1391
11|6|20|1397
11|6|20|1416
11|6|20|1438
11|6|20|1489
11|6|20|1499
11|6|20|1524
11|6|20|1660
11|6|20|3090
11|6|20|3138
11|6|20|3154
11|7|23|1916
11|7|23|1965
11|7|23|1968
11|7|23|1979
11|7|23|1986
11|7|23|2019
11|7|25|2036
11|7|25|2038
11|7|25|2039
11|7|25|2040
11|7|25|2041
11|7|25|2044
11|7|31|2448
11|7|31|2457
11|7|31|2459
11|7|31|2476
11|7|31|2487
11|8|27|2109
11|8|27|2110
11|8|27|2117
11|8|27|2162
11|8|27|2165
11|8|27|2176
11|8|27|2179
11|8|27|2180
11|8|27|2216
11|8|27|2227
11|8|27|2257
11|8|27|2258
11|8|35|2610
11|8|35|2619
11|8|35|2621
11|8|35|2627
11|8|44|2911
11|8|44|2927
11|9|17|1115
11|9|17|1138
11|9|17|1140
11|9|17|1143
11|9|17|1150
11|9|17|930
11|9|17|946
11|9|17|951
11|9|17|966
11|9|37|2655
11|9|37|2659
11|9|37|2679
11|9|37|2683
11|9|37|2686
11|9|37|2687
11|9|37|2692
11|9|37|2694
11|9|37|2711
12|1|17|826
12|1|22|943
12|1|22|951
12|1|26|1061
12|1|27|1069
12|1|32|1369
12|1|51|1951
12|1|51|1964
12|1|51|1971
12|1|55|2130
12|1|68|2605
12|1|74|2730
12|2|15|778
12|2|35|1445
12|2|35|1449
12|2|35|1456
12|2|36|1480
12|2|36|1504
12|2|36|1533
12|2|36|1534
12|2|36|1541
12|2|36|1542
12|2|36|1543
12|2|36|1551
12|2|50|1933
12|2|56|2145
12|2|56|2161
12|2|56|2163
12|2|56|2164
12|2|56|2166
12|2|56|2170
12|2|56|2197
12|2|56|2214
12|2|56|2219
12|2|60|2436
12|2|61|2478
12|2|8|560
12|3|11|631
12|3|11|665
12|3|11|670
12|3|21|906
12|3|39|1598
12|3|39|1601
12|3|39|1615
12|3|39|1616
12|3|39|1639
12|3|39|1644
12|3|39|1648
12|4|1|110
12|4|1|125
12|4|1|140
12|4|1|144
12|4|1|148
12|4|1|165
12|4|1|170
12|4|1|171
12|4|1|196
12|4|1|226
12|4|1|243
12|4|1|248
12|4|1|250
12|4|1|252
12|4|1|258
12|4|1|263
12|4|1|28
12|4|1|29
12|4|1|338
12|4|1|345
12|4|1|38
12|4|1|45
12|4|1|86
12|5|24|1032
12|5|42|1704
12|5|44|1762
12|5|46|1806
12|5|5|475
12|5|63|2509
12|5|63|2511
12|5|66|2555
12|5|66|2560
12|5|67|2583
12|5|70|2655
12|6|20|868
12|6|20|881
12|6|2|384
12|6|2|389
12|6|43|1721
12|6|45|1771
12|6|45|1774
12|6|62|2500
12|6|76|2775
12|7|29|1204
12|7|29|1220
12|7|29|1235
12|7|29|1237
12|7|29|1243
12|7|29|1250
12|7|29|1255
12|7|29|1279
12|7|29|1308
12|7|30|1319
12|7|33|1382
12|8|12|701
12|8|12|705
12|8|40|1659
12|8|47|1811
12|8|47|1816
12|8|47|1837
12|8|54|2066
12|8|57|2247
12|8|57|2251
12|9|1|119
12|9|1|138
12|9|1|150
12|9|1|154
12|9|1|178
12|9|1|245
12|9|1|264
12|9|1|266
12|9|1|299
12|9|1|308
12|9|1|319
12|9|1|322
12|9|1|371
13|1|10|165
13|1|10|176
13|1|13|236
13|1|25|430
13|1|32|630
13|1|35|664
13|1|53|1062
13|1|53|1063
13|1|80|1585
13|1|80|1598
13|2|30|550
13|2|30|569
13|2|30|571
13|2|30|594
13|2|30|597
13|2|31|609
13|2|34|646
13|2|34|654
13|2|34|655
13|2|46|828
13|2|48|975
13|2|49|986
13|2|54|1086
13|2|55|1107
13|2|58|1148
13|2|59|1152
13|2|59|1154
13|2|59|1164
13|2|6|100
13|2|84|1684
13|2|84|1702
13|3|11|203
13|3|20|347
13|3|23|371
13|3|23|381
13|3|24|387
13|3|39|719
13|3|3|34
13|3|3|62
13|3|51|1015
13|3|51|1025
13|3|69|1375
13|3|70|1380
13|3|81|1603
13|4|15|259
13|4|15|280
13|4|1|9
13|4|2|13
13|4|2|22
13|4|2|23
13|4|52|1026
13|4|52|1035
13|4|76|1509
13|4|76|1548
13|5|12|208
13|5|29|528
13|5|29|534
13|5|29|535
13|5|29|539
13|5|63|1263
13|5|63|1267
13|5|63|1277
13|5|64|1301
13|5|75|1457
13|5|75|1497
13|5|75|1500
13|5|9|152
13|6|47|848
13|6|47|857
13|6|47|858
13|6|47|863
13|6|47|870
13|6|47|879
13|6|47|880
13|6|47|902
13|6|47|908
13|6|47|931
13|6|47|947
13|6|47|955
13|6|47|959
13|6|68|1351
13|6|68|1363
13|6|68|1771
13|6|68|1774
13|6|74|1446
13|7|22|361
13|7|40|1712
13|7|40|1717
13|7|40|1733
13|7|40|1745
13|7|40|729
13|7|40|731
13|7|40|740
13|7|57|1121
13|7|57|1131
13|7|61|1196
13|7|61|1197
13|7|61|1205
13|7|61|1208
13|7|61|1211
13|7|61|1215
13|7|8|128
13|7|8|136
14|10|120|3077
14|10|120|3078
14|10|120|3086
14|10|120|3092
14|10|120|3097
14|10|120|3098
14|10|120|3100
14|10|120|3103
14|10|120|3107
14|10|120|3111
14|10|120|3114
14|10|120|3119
14|10|120|3124
14|10|120|3152
14|11|41|1377
14|11|41|1382
14|11|41|1385
14|11|41|1395
14|11|41|1399
14|11|41|1404
14|11|41|1408
14|11|41|1415
14|11|41|1417
14|11|41|1422
14|11|41|1430
14|11|41|1432
14|11|41|1482
14|11|41|1484
14|11|41|1487
14|11|41|1489
14|11|41|1499
14|11|41|1505
14|11|41|1511
14|11|41|706
14|11|41|721
14|11|41|723
14|11|41|731
14|11|41|749
14|12|98|2446
14|12|98|2455
14|12|98|2462
14|12|98|2465
14|12|98|2470
14|12|98|3423
14|12|98|3429
14|12|98|3435
14|12|98|3439
14|12|98|3446
14|12|98|3453
14|12|98|3469
14|12|98|3470
14|12|98|3585
14|12|98|3588
14|13|120|3189
14|13|120|3195
14|13|120|3209
14|13|120|3218
14|13|99|2583
14|13|99|2614
14|13|99|2616
14|13|99|3317
14|13|99|3324
14|14|41|1004
14|14|41|1527
14|14|41|776
14|14|41|780
14|14|41|781
14|14|41|793
14|14|41|799
14|14|41|827
14|14|41|849
14|14|41|851
14|14|41|874
14|14|41|921
14|14|41|922
14|14|41|926
14|14|41|928
14|14|41|988
14|15|106|2748
14|15|106|2750
14|15|13|166
14|15|13|170
14|15|13|171
14|15|13|174
14|15|13|176
14|15|13|177
14|15|13|179
14|15|13|182
14|15|13|187
14|15|16|242
14|15|18|258
14|15|18|260
14|15|18|271
14|15|18|283
14|15|18|291
14|15|34|483
14|15|49|1645
14|15|65|1869
14|15|65|1870
14|16|99|2485
14|16|99|2545
14|16|99|2550
14|16|99|2556
14|16|99|2564
14|16|99|2613
14|17|114|2837
14|17|119|2889
14|17|119|2898
14|17|25|397
14|17|25|407
14|17|31|475
14|17|46|1591
14|17|46|1597
14|17|46|1598
14|17|52|1674
14|17|52|1679
14|17|59|1801
14|17|79|2115
14|17|93|2332
14|18|15|196
14|18|17|248
14|18|21|304
14|18|21|312
14|18|21|314
14|18|33|481
14|18|45|1587
14|18|89|2293
14|19|121|3243
14|19|121|3257
14|19|14|191
14|19|14|193
14|19|23|346
14|19|23|353
14|19|23|367
14|19|24|385
14|19|24|392
14|19|51|1668
14|19|51|1670
14|19|58|1795
14|19|67|1905
14|19|86|2230
14|19|87|2264
14|19|87|2267
14|1|105|2744
14|1|115|2841
14|1|26|417
14|1|26|420
14|1|26|421
14|1|32|476
14|1|37|538
14|1|3|28
14|1|43|1561
14|1|44|1568
14|1|7|94
14|1|84|2187
14|1|84|2191
14|1|84|2193
14|1|95|2396
14|1|95|2405
14|20|102|2683
14|20|102|2695
14|20|102|2721
14|20|102|2722
14|20|102|2724
14|20|102|2728
14|20|1|6
14|20|1|7
14|20|53|1694
14|20|53|1695
14|20|72|2035
14|20|72|2037
14|20|72|2041
14|20|72|2043
14|20|72|2045
14|2|110|2794
14|2|110|2798
14|2|36|504
14|2|36|520
14|2|36|525
14|2|55|1708
14|2|55|1713
14|2|55|1715
14|2|55|1763
14|2|55|1773
14|2|55|1774
14|2|66|1888
14|2|75|2067
14|2|75|2072
14|2|75|2077
14|2|75|2084
14|2|75|2090
14|2|75|2093
14|2|76|2099
14|3|116|2850
14|3|117|2858
14|3|118|2863
14|3|118|2876
14|3|118|2879
14|3|48|1613
14|3|48|1614
14|3|48|1625
14|3|50|1653
14|3|80|2140
14|3|8|102
14|3|8|115
14|3|8|118
14|3|8|130
14|3|92|2309
14|3|92|2310
14|3|92|2327
14|3|94|2350
14|3|94|2351
14|3|94|2356
14|3|94|2358
14|3|94|2359
14|3|94|2361
14|3|94|2393
14|4|120|2915
14|4|120|2927
14|4|120|2938
14|4|120|2939
14|4|120|2956
14|4|120|2964
14|4|120|2979
14|4|120|2982
14|4|120|2983
14|4|120|2987
14|4|120|2993
14|4|120|2998
14|4|120|3002
14|4|120|3015
14|5|101|2640
14|5|69|1934
14|5|69|1947
14|5|69|1950
14|5|69|1955
14|5|69|1983
14|5|69|1987
14|5|69|1992
14|5|69|3550
14|5|85|2214
14|5|85|2220
14|6|120|2972
14|6|120|3021
14|6|120|3022
14|6|120|3023
14|6|120|3030
14|6|120|3039
14|6|120|3057
14|6|120|3063
14|6|120|3068
14|6|120|3074
14|6|120|3228
14|6|120|3480
14|6|120|3560
14|7|102|2650
14|7|102|2661
14|7|102|2662
14|7|102|2671
14|7|102|2672
14|7|102|2673
14|7|102|2675
14|7|102|2676
14|7|102|2677
14|7|102|2679
14|7|102|2680
14|7|102|2684
14|7|102|2687
14|7|102|2702
14|7|102|2703
14|7|102|2717
14|8|41|1016
14|8|41|1060
14|8|41|1082
14|8|41|1114
14|8|41|1147
14|8|41|590
14|8|41|597
14|8|41|738
14|9|41|1187
14|9|41|1190
14|9|41|1204
14|9|41|1208
14|9|41|1210
14|9|41|1214
14|9|41|1223
14|9|41|1267
14|9|41|1268
14|9|41|1313
14|9|41|1314
14|9|41|1318
14|9|41|1323
14|9|41|1332
14|9|41|652
15|10|34|1740
15|10|34|1741
15|10|34|1757
15|10|34|1759
15|10|34|1766
15|10|34|1772
15|10|34|1775
15|10|34|1777
15|10|34|1783
15|10|34|1808
15|10|34|1813
15|10|34|6044
15|10|34|6049
15|10|34|6486
15|10|34|6497
15|11|34|1302
15|11|34|1319
15|11|34|1325
15|11|34|1341
15|11|34|1352
15|11|34|1358
15|11|34|1362
15|11|34|1363
15|11|34|1364
15|11|34|1366
15|11|34|1501
15|11|34|1505
15|11|34|1509
15|11|34|1835
15|11|34|1838
15|11|34|1844
15|12|40|2133
15|12|40|2138
15|12|40|6059
15|12|40|6065
15|12|40|6075
15|12|40|6081
15|12|40|6100
15|13|34|1531
15|13|34|1533
15|13|34|1550
15|13|34|1560
15|13|34|1571
15|13|34|1578
15|13|34|1596
15|13|34|1600
15|13|34|1606
15|13|34|1846
15|13|34|1863
15|13|34|1871
15|13|34|1878
15|13|34|1906
15|13|34|1908
15|13|34|1921
15|13|34|1925
15|13|34|1926
15|13|34|1938
15|13|34|1940
15|13|34|1948
15|13|34|1949
15|14|105|4837
15|14|105|4844
15|14|105|4965
15|14|105|4976
15|14|105|4987
15|14|105|4991
15|14|105|5014
15|14|13|266
15|14|13|268
15|14|13|321
15|14|13|345
15|14|13|364
15|14|13|388
15|14|13|396
15|14|25|844
15|14|25|867
15|14|25|868
15|14|25|875
15|14|25|882
15|14|25|891
15|14|25|899
15|15|13|252
15|15|13|254
15|15|13|283
15|15|13|311
15|15|13|323
15|15|13|330
15|15|13|335
15|15|13|336
15|15|13|377
15|15|13|381
15|15|13|399
15|15|13|403
15|16|105|4797
15|16|105|4827
15|16|34|1386
15|16|34|1407
15|16|34|1449
15|16|34|1490
15|16|34|1610
15|17|34|1425
15|17|34|1429
15|17|34|1444
15|17|34|1448
15|17|34|1453
15|17|34|1472
15|17|34|1480
15|17|34|1498
15|17|34|1625
15|17|34|1629
15|17|34|1655
15|17|34|1658
15|17|34|1676
15|17|34|1677
15|17|34|1679
15|17|34|1689
15|17|34|1717
15|18|38|2014
15|18|38|2017
15|18|38|2023
15|18|38|2036
15|18|38|2048
15|18|38|2049
15|18|38|2066
15|18|47|2310
15|18|47|2311
15|18|68|3904
15|18|68|3910
15|18|68|3923
15|19|105|4840
15|19|105|4849
15|19|105|4854
15|19|105|4861
15|19|105|4866
15|19|105|4873
15|19|105|4878
15|19|105|4905
15|19|105|4906
15|19|105|4920
15|19|105|4956
15|19|105|5016
15|19|105|5030
15|19|105|5088
15|19|105|5090
15|19|105|5122
15|19|105|5126
15|19|105|5131
15|1|103|4731
15|1|113|5710
15|1|1|27
15|1|1|31
15|1|27|1087
15|1|3|69
15|1|46|2268
15|1|46|2277
15|1|57|2565
15|1|72|4012
15|1|86|4351
15|1|86|4373
15|20|60|3113
15|20|60|3116
15|20|60|3129
15|20|60|3144
15|20|60|3156
15|20|60|3159
15|20|60|3160
15|20|60|3178
15|20|60|3183
15|20|60|3185
15|20|60|3197
15|20|60|3202
15|20|60|3231
15|20|60|3233
15|20|60|3242
15|20|60|3245
15|20|60|3251
15|20|60|3255
15|20|60|3272
15|20|60|3380
15|20|60|3428
15|20|60|3450
15|21|104|4750
15|21|15|458
15|21|15|467
15|21|35|1953
15|21|35|1954
15|21|40|2151
15|21|40|2152
15|21|40|2154
15|21|40|6126
15|21|40|6127
15|21|40|6140
15|21|40|6147
15|21|40|6152
15|21|40|6155
15|21|40|6158
15|21|69|3927
15|21|90|4468
15|21|9|211
15|21|9|216
15|21|9|217
15|22|58|2595
15|22|58|2746
15|22|58|2764
15|22|58|2765
15|22|58|2779
15|22|58|2791
15|22|58|2805
15|22|58|2814
15|22|58|2815
15|22|58|2821
15|22|58|2837
15|22|58|2888
15|22|58|2895
15|22|58|2910
15|22|58|2913
15|22|58|2959
15|23|102|4704
15|23|102|4720
15|23|44|2239
15|23|52|2386
15|23|52|2387
15|23|52|2405
15|23|52|2408
15|23|52|2424
15|23|52|2428
15|23|63|3828
15|23|63|3846
15|23|64|3857
15|24|58|2583
15|24|58|2588
15|24|58|2599
15|24|58|2615
15|24|58|2617
15|24|58|2654
15|24|58|2657
15|24|58|2668
15|24|58|2705
15|24|58|2884
15|24|58|2933
15|24|58|2956
15|24|58|2976
15|24|58|2981
15|24|58|2983
15|24|58|2990
15|24|58|2991
15|24|58|3029
15|24|58|3030
15|24|58|6392
15|25|32|1163
15|25|32|1178
15|25|32|1191
15|25|32|1217
15|25|32|1225
15|25|32|1239
15|25|32|1267
15|25|32|1281
15|26|107|5186
15|26|107|5188
15|26|107|5190
15|26|107|5266
15|26|107|5272
15|26|107|5274
15|26|107|5285
15|26|107|5303
15|26|107|5363
15|26|107|5375
15|26|107|5390
15|26|107|5400
15|26|107|6449
15|26|107|6452
15|27|18|495
15|27|28|1095
15|27|55|2479
15|27|55|2489
15|27|55|2492
15|27|55|2508
15|27|55|2514
15|27|55|2518
15|27|55|2538
15|27|55|2542
15|27|56|2551
15|27|74|4022
15|27|74|4025
15|27|77|4125
15|27|77|4133
15|27|77|4140
15|28|10|230
15|28|10|231
15|28|121|5881
15|28|121|5898
15|28|121|5904
15|28|121|5911
15|28|121|5912
15|28|36|1956
15|28|36|6408
15|28|36|6417
15|28|97|4588
15|29|60|3046
15|29|60|3048
15|29|60|3083
15|29|60|3103
15|29|60|3304
15|29|60|3314
15|29|60|3338
15|29|60|3345
15|29|60|3346
15|29|60|3359
15|29|60|3369
15|29|60|3391
15|29|60|3420
15|29|60|3436
15|29|60|3452
15|29|60|3478
15|29|60|3498
15|29|60|3614
15|2|109|5475
15|2|110|5581
15|2|110|5590
15|2|110|5595
15|2|110|5597
15|2|110|5599
15|2|110|5602
15|2|110|5625
15|2|45|2244
15|2|59|3044
15|30|30|1117
15|30|30|1121
15|30|30|1123
15|30|30|1124
15|30|30|1136
15|30|30|6378
15|30|30|6382
15|30|30|6386
15|30|32|1159
15|30|32|1172
15|30|32|1173
15|30|32|1210
15|30|32|1236
15|30|32|5966
15|30|32|5968
15|31|60|1265
15|31|60|3069
15|31|60|3532
15|31|60|3549
15|31|60|3563
15|31|60|3591
15|31|60|3593
15|31|60|3626
15|31|60|3670
15|31|60|3682
15|31|60|3693
15|31|60|3695
15|31|60|3714
15|31|60|3719
15|32|122|1003
15|32|122|1005
15|32|122|1008
15|32|122|1012
15|32|122|2084
15|32|122|2118
15|32|122|5925
15|32|122|924
15|32|122|926
15|32|122|934
15|32|122|947
15|32|122|955
15|32|122|965
15|32|122|974
15|32|122|980
15|33|22|650
15|33|26|1035
15|33|26|1038
15|33|26|1040
15|33|26|1052
15|33|26|1054
15|33|26|1055
15|33|26|1060
15|33|26|1062
15|33|26|1080
15|33|26|988
15|33|26|991
15|33|26|992
15|33|84|4327
15|34|107|5221
15|34|107|5234
15|34|107|5243
15|34|107|5292
15|34|107|5297
15|34|107|5298
15|34|107|5307
15|34|107|5350
15|34|107|5351
15|34|107|5352
15|34|107|5424
15|34|107|5431
15|34|107|5432
15|34|107|5440
15|35|114|5728
15|35|114|5732
15|35|114|5735
15|35|114|5736
15|35|114|5740
15|35|21|634
15|35|21|644
15|35|41|2170
15|35|41|2173
15|35|41|2175
15|35|53|2440
15|35|89|4429
15|35|89|4436
15|35|89|4445
15|35|91|4472
15|35|91|4484
15|36|106|5138
15|36|106|5142
15|36|106|5147
15|36|106|5151
15|36|106|5164
15|36|111|5666
15|36|111|5673
15|36|123|5930
15|36|67|3900
15|36|67|3902
15|36|7|156
15|36|7|162
15|36|83|4259
15|36|83|4260
15|36|83|4294
15|36|83|4319
15|36|87|4380
15|36|87|4382
15|36|87|4399
15|36|8|184
15|37|23|654
15|37|23|656
15|37|24|666
15|37|24|673
15|37|24|675
15|37|24|681
15|37|24|691
15|37|54|2448
15|37|54|2449
15|37|54|2459
15|37|96|4572
15|38|100|4611
15|38|100|4612
15|38|100|4620
15|38|100|4627
15|38|100|4628
15|38|100|4629
15|38|100|4630
15|38|100|4643
15|38|100|4651
15|38|100|4658
15|38|100|4664
15|38|100|4675
15|38|100|4678
15|38|100|4680
15|38|101|4697
15|38|31|1147
15|38|31|1148
15|39|32|1243
15|39|71|3947
15|39|71|3949
15|39|71|3950
15|39|71|3978
15|39|71|3980
15|39|71|3984
15|39|71|3998
15|39|71|4002
15|39|71|4005
15|39|71|5943
15|39|71|5944
15|3|14|417
15|3|43|2190
15|3|43|2199
15|3|43|2200
15|3|43|2219
15|3|43|2221
15|3|49|2351
15|3|49|2358
15|3|65|3867
15|40|119|5828
15|40|119|5836
15|40|119|5838
15|40|119|5847
15|40|119|5850
15|40|119|5851
15|40|5|123
15|40|5|144
15|40|5|149
15|40|88|4412
15|40|88|4413
15|41|82|4197
15|41|82|4201
15|41|82|4217
15|41|82|4218
15|41|82|4223
15|41|82|4227
15|41|82|4228
15|41|82|4236
15|41|82|4249
15|41|82|6262
15|41|82|6279
15|41|82|6327
15|41|82|6349
15|4|61|3728
15|4|61|3733
15|4|61|3735
15|4|61|3740
15|4|61|3745
15|4|61|3748
15|4|61|3753
15|4|61|3755
15|4|61|3760
15|4|61|3761
15|4|61|3765
15|4|61|3776
15|4|61|3778
15|4|61|3784
15|4|61|3791
15|4|61|3794
15|4|61|3812
15|4|61|3813
15|4|61|3816
15|5|16|469
15|5|29|1097
15|5|2|34
15|5|2|50
15|5|2|57
15|5|2|58
15|5|66|3885
15|5|66|3887
15|5|93|4524
15|5|93|4525
15|5|93|4527
15|5|93|4529
15|5|93|4530
15|6|20|525
15|6|20|536
15|6|20|538
15|6|20|549
15|6|20|553
15|6|20|566
15|6|20|569
15|6|20|578
15|6|20|581
15|6|20|591
15|6|20|609
15|6|20|620
15|6|34|5993
15|6|34|6211
15|6|34|6216
15|6|34|6223
15|6|34|6225
15|6|45|2258
15|7|25|6187
15|7|25|6195
15|7|25|6202
15|7|25|695
15|7|25|707
15|7|25|716
15|7|25|719
15|7|25|725
15|7|25|736
15|7|25|737
15|7|25|742
15|7|25|759
15|7|25|762
15|7|25|765
15|7|25|768
15|7|25|774
15|7|25|776
15|7|25|783
15|7|25|797
15|7|25|823
15|7|25|837
15|7|25|879
15|7|25|910
15|8|110|5503
15|8|110|5505
15|8|110|5515
15|8|110|5529
15|8|110|5538
15|8|110|5550
15|8|110|5556
15|8|110|5633
15|8|110|5637
15|8|110|5650
15|8|110|5652
15|8|110|6171
15|8|110|6176
15|9|112|5695
15|9|112|5701
15|9|115|5761
15|9|115|5774
15|9|124|4063
15|9|124|4064
15|9|124|4094
15|9|124|4102
15|9|33|1288
15|9|75|4078
15|9|75|4090
16|10|54|1024
16|10|54|1033
16|10|54|1038
16|10|54|1047
16|10|54|1076
16|10|54|1085
16|10|54|1097
16|10|54|1100
16|10|54|1129
16|10|54|1136
16|10|54|1157
16|10|54|1159
16|10|54|1164
16|10|54|1179
16|10|54|1229
16|10|54|1232
16|10|54|1234
16|10|54|1236
16|10|54|1241
16|10|54|1280
16|10|54|988
16|10|54|992
16|10|54|997
16|11|112|2573
16|11|49|803
16|11|67|1459
16|11|67|1476
16|11|67|1486
16|11|80|1810
16|11|80|1817
16|11|83|1847
16|11|83|1854
16|11|83|1866
16|11|83|1876
16|11|83|1878
16|11|88|1950
16|11|98|2081
16|11|98|2090
16|11|9|156
16|12|12|209
16|12|15|250
16|12|26|402
16|12|2|12
16|12|2|19
16|12|69|1520
16|12|69|1525
16|12|6|63
16|12|6|65
16|12|6|66
16|12|6|67
16|12|6|74
16|12|6|79
16|12|6|92
16|12|84|1888
16|12|90|1984
16|12|90|1989
16|1|10|177
16|1|10|180
16|1|33|472
16|1|35|2669
16|1|35|559
16|1|35|570
16|1|50|821
16|1|50|830
16|1|50|850
16|1|50|859
16|1|50|863
16|1|50|868
16|1|50|869
16|1|56|1297
16|1|56|1310
16|1|56|1315
16|1|60|1363
16|1|65|1432
16|1|65|1433
16|2|27|406
16|2|36|581
16|2|36|586
16|2|40|662
16|2|46|759
16|2|46|763
16|2|46|770
16|2|4|48
16|2|64|1412
16|2|68|1501
16|2|68|1513
16|2|72|1603
16|2|72|1604
16|2|72|1609
16|2|72|1613
16|2|72|1614
16|2|72|1636
16|2|72|1637
16|2|72|1642
16|2|89|2682
16|3|100|2130
16|3|113|2587
16|3|113|2603
16|3|113|2609
16|3|113|2610
16|3|113|2631
16|3|113|2634
16|3|113|2635
16|3|113|2641
16|3|113|2645
16|3|113|2652
16|3|113|2653
16|3|13|214
16|3|38|618
16|3|38|631
16|3|38|642
16|3|62|1385
16|3|93|2013
16|4|104|2323
16|4|104|2331
16|4|104|2335
16|4|105|2347
16|4|11|189
16|4|45|727
16|4|45|729
16|4|53|931
16|4|53|933
16|4|63|1395
16|4|63|1402
16|4|75|1680
16|4|75|1683
16|4|76|1710
16|4|76|1712
16|4|77|1721
16|4|77|1750
16|4|77|1763
16|4|85|1898
16|4|85|1908
16|5|109|2447
16|5|109|2484
16|5|109|2497
16|5|109|2501
16|5|109|2520
16|5|28|413
16|5|28|416
16|5|30|436
16|5|42|677
16|5|42|683
16|5|70|1529
16|5|70|1530
16|5|70|1534
16|5|70|1543
16|5|70|1567
16|5|70|1577
16|5|70|1581
16|6|111|2549
16|6|111|2555
16|6|17|286
16|6|34|488
16|6|34|491
16|6|34|494
16|6|34|503
16|6|34|510
16|6|34|513
16|6|34|517
16|6|34|531
16|6|41|665
16|6|41|668
16|6|41|669
16|6|52|887
16|6|52|902
16|6|52|919
16|6|73|1647
16|6|73|1649
16|6|81|1829
16|6|94|2027
16|6|94|2029
16|7|108|2391
16|7|108|2392
16|7|108|2408
16|7|108|2414
16|7|108|2419
16|7|108|2422
16|7|108|2423
16|7|16|285
16|7|25|388
16|7|43|699
16|7|43|703
16|7|66|1446
16|7|71|1596
16|8|54|1000
16|8|54|1015
16|8|54|1052
16|8|54|1143
16|8|54|1191
16|8|54|1192
16|8|54|1198
16|8|54|1210
16|8|54|1216
16|8|54|1252
16|8|54|1263
16|8|54|1267
16|8|54|1272
16|8|54|1283
16|8|54|949
16|8|54|954
16|8|54|964
16|9|103|2179
16|9|103|2208
16|9|103|2222
16|9|103|2229
16|9|103|2232
16|9|103|2238
16|9|103|2244
16|9|103|2247
16|9|103|2249
16|9|103|2254
16|9|103|2260
16|9|103|2262
16|9|103|2267
16|9|103|2273
16|9|103|2279
16|9|103|2285
16|9|103|2293
17|1|7|207
17|1|7|222
17|1|7|239
17|1|7|241
17|1|7|287
17|1|7|305
17|1|7|365
17|2|11|432
17|2|11|440
17|2|11|444
17|2|11|448
17|2|11|450
17|2|11|471
17|2|11|476
17|2|11|489
17|2|28|783
17|2|28|786
17|2|28|795
17|2|8|396
17|2|8|407
17|2|8|409
17|3|19|656
17|3|19|662
17|3|24|708
17|3|24|717
17|3|24|729
17|3|3|42
17|3|4|45
17|3|4|47
17|3|4|55
17|3|4|71
17|3|4|79
17|3|6|103
17|3|6|110
17|3|6|120
17|3|6|139
17|3|6|165
17|3|6|166
17|3|6|177
17|3|6|183
17|4|12|511
17|4|12|523
17|4|14|551
17|4|17|594
17|4|17|607
17|4|18|613
17|4|18|628
17|4|18|629
17|4|18|632
17|4|18|634
17|4|18|644
17|4|1|6
17|4|25|743
17|4|25|748
17|4|31|892
17|5|13|538
17|5|16|569
17|5|20|682
17|5|27|774
17|5|29|820
17|5|29|825
17|5|29|834
17|5|29|844
17|5|29|849
17|5|30|866
17|5|32|896
17|5|33|902
17|5|33|906
18|1|10|295
18|1|11|333
18|1|11|343
18|1|12|374
18|1|12|393
18|1|15|452
18|1|15|514
18|1|18|810
18|1|18|828
18|1|18|831
18|1|1|14
18|1|1|39
18|1|6|196
18|1|6|205
18|1|6|211
18|1|9|264
18|2|17|597
18|2|17|598
18|2|17|607
18|2|17|612
18|2|17|621
18|2|17|637
18|2|17|643
18|2|17|644
18|2|17|661
18|2|17|666
18|2|17|667
18|2|17|701
18|2|17|725
18|2|17|732
18|2|17|735
18|2|17|772
18|2|17|800
18|2|17|808
18|2|17|879
18|2|17|902
18|2|17|909
18|3|19|847
18|3|19|860
18|3|20|870
18|3|3|66
18|3|4|102
18|3|4|119
18|3|4|90
18|3|5|139
18|3|5|151
18|3|5|177
18|3|5|183
18|3|7|231
18|3|7|234
19|10|40|1135
19|10|40|1158
19|10|40|1221
19|10|40|1238
19|10|40|1261
19|10|40|1317
19|10|40|1356
19|10|40|1358
19|10|40|1377
19|10|40|1378
19|10|40|1396
19|10|40|1400
19|10|40|1403
19|10|40|1409
19|10|40|1662
19|10|40|1664
19|10|40|1681
19|11|26|542
19|11|26|544
19|11|26|556
19|11|26|568
19|11|26|581
19|11|26|584
19|11|26|600
19|11|26|655
19|11|26|684
19|11|26|713
19|11|26|721
19|11|26|732
19|11|26|760
19|11|26|773
19|11|26|791
19|11|26|793
19|11|26|804
19|11|40|2726
19|12|32|2329
19|12|32|2392
19|12|32|2403
19|12|32|847
19|12|32|848
19|12|9|174
19|12|9|187
19|12|9|196
19|1|19|377
19|1|19|379
19|1|19|392
19|1|19|413
19|1|48|2019
19|1|48|2039
19|1|48|2055
19|1|48|2078
19|1|48|2082
19|2|42|2712
19|2|6|104
19|2|6|107
19|2|6|150
19|2|6|2175
19|2|6|2189
19|2|6|2210
19|2|6|2423
19|2|6|2438
19|2|6|2499
19|2|6|68
19|2|6|75
19|2|6|79
19|2|6|84
19|2|6|96
19|3|21|2533
19|3|21|2535
19|3|21|440
19|3|21|441
19|3|21|447
19|3|21|452
19|3|21|454
19|3|21|455
19|3|21|463
19|3|21|467
19|3|21|469
19|3|21|472
19|3|21|474
19|3|21|491
19|4|47|1761
19|4|47|1792
19|4|47|1803
19|4|47|1805
19|4|47|1825
19|4|47|1847
19|4|47|1861
19|4|47|1938
19|4|47|1944
19|4|47|1971
19|4|47|1973
19|4|47|1978
19|4|47|1985
19|5|40|1437
19|5|40|1443
19|5|40|1456
19|5|40|1461
19|5|40|1462
19|5|40|1480
19|5|40|1497
19|5|40|1500
19|5|40|1523
19|5|40|1524
19|5|40|2124
19|5|40|2132
19|5|40|2134
19|5|40|978
19|5|40|981
19|6|40|1005
19|6|40|1026
19|6|40|1039
19|6|40|1096
19|6|40|1463
19|6|40|1511
19|6|40|1512
19|6|40|1513
19|6|40|1528
19|6|40|1534
19|6|40|1574
19|6|40|2135
19|7|10|218
19|7|10|220
19|7|12|232
19|7|12|235
19|7|18|2302
19|7|18|2305
19|7|18|2591
19|7|18|2595
19|7|18|347
19|7|18|348
19|7|25|2619
19|7|25|2628
19|7|28|811
19|7|45|1738
19|7|46|1753
19|7|46|1760
19|8|26|2698
19|8|26|607
19|8|26|626
19|8|26|640
19|8|26|649
19|8|26|650
19|8|26|673
19|8|26|692
19|8|26|694
19|8|26|700
19|8|26|709
19|8|6|142
19|8|6|2217
19|8|6|2233
19|9|14|278
19|9|14|287
19|9|17|311
19|9|17|321
19|9|27|807
19|9|30|822
19|9|34|861
19|9|34|886
19|9|39|954
19|9|43|1712
19|9|43|1717
19|9|49|2098
19|9|4|34
19|9|7|151
19|9|7|156
19|9|7|162
1|1|10|404
1|1|10|473
1|1|11|484
1|1|2|344
1|1|3|356
1|1|3|358
1|1|3|363
1|1|3|370
1|1|3|377
1|1|4|390
1|1|5|397
1|1|5|399
1|1|5|407
1|1|5|413
1|1|6|428
1|1|7|440
1|1|7|450
1|1|9|467
1|2|1|106
1|2|1|116
1|2|1|119
1|2|1|135
1|2|1|140
1|2|1|151
1|2|1|152
1|2|1|154
1|2|1|155
1|2|1|156
1|2|1|316
1|2|1|318
1|2|1|499
1|2|1|548
1|2|1|551
1|2|1|552
1|2|1|560
1|2|1|561
1|2|1|581
1|2|1|68
1|2|1|82
1|2|1|83
1|2|1|86
1|3|1|11
1|3|1|161
1|3|1|173
1|3|1|174
1|3|1|188
1|3|1|216
1|3|1|257
1|3|1|282
1|3|1|288
1|3|1|30
1|3|1|300
1|3|1|306
1|3|1|308
1|3|1|322
1|3|1|323
1|3|1|325
1|3|1|334
1|3|1|35
1|3|1|40
1|3|1|47
1|3|1|53
1|3|1|535
1|3|1|538
1|3|1|540
20|10|14|90
20|10|241|1285
20|10|406|1823
20|10|508|2177
20|10|536|2296
20|10|59|436
20|10|70|638
20|10|70|641
20|10|92|753
20|1|182|1042
20|1|182|1044
20|1|182|1053
20|1|182|1054
20|1|182|1060
20|1|182|1078
20|1|183|1097
20|1|183|1098
20|1|24|135
20|1|2|33
20|1|418|1861
20|1|44|339
20|1|44|353
20|1|469|2025
20|2|131|857
20|2|147|902
20|2|194|1131
20|2|227|1244
20|2|244|1292
20|2|244|1293
20|2|324|1543
20|2|558|2406
20|2|58|431
20|2|74|667
20|3|101|770
20|3|253|1314
20|3|290|1422
20|3|334|1592
20|3|334|1593
20|3|335|1596
20|3|371|1677
20|3|37|206
20|3|37|207
20|3|37|211
20|3|37|213
20|3|37|220
20|3|386|1717
20|3|386|1720
20|3|459|1985
20|3|543|2322
20|3|565|2422
20|4|111|795
20|4|161|937
20|4|212|1213
20|4|226|1241
20|4|296|1441
20|4|296|1446
20|4|301|1458
20|4|347|1628
20|4|376|1687
20|4|376|1689
20|4|410|1833
20|4|42|280
20|4|514|2199
20|4|546|2334
20|4|550|2361
20|4|554|2386
20|4|561|2412
20|4|67|619
20|4|8|66
20|5|145|897
20|5|303|1461
20|5|473|2057
20|5|499|2153
20|5|52|386
20|5|76|679
20|6|107|789
20|6|162|938
20|6|19|117
20|6|32|189
20|6|343|1613
20|6|378|1694
20|6|516|2230
20|6|532|2273
20|6|553|2378
20|6|553|2382
20|6|71|643
20|6|71|646
20|7|12|79
20|7|12|80
20|7|12|84
20|7|15|99
20|7|41|268
20|7|43|312
20|7|525|2249
20|7|557|2394
20|7|57|404
20|7|57|407
20|8|154|918
20|8|392|1763
20|8|392|1764
20|8|400|1785
20|8|66|470
20|8|66|474
20|8|66|476
20|8|66|477
20|8|66|479
20|8|66|481
20|8|66|488
20|8|66|493
20|8|66|502
20|8|66|511
20|8|66|521
20|8|66|542
20|8|66|543
20|8|66|548
20|8|66|574
20|8|66|615
20|9|184|1099
20|9|316|1502
20|9|316|1508
20|9|332|1570
20|9|364|1658
20|9|364|1660
20|9|415|1852
20|9|484|2094
20|9|484|2105
20|9|530|2270
20|9|542|2318
20|9|542|2320
21|10|120|1653
21|10|120|1655
21|10|120|1662
21|10|127|1695
21|10|141|1803
21|10|141|1810
21|10|141|1812
21|10|141|1818
21|10|141|1828
21|10|141|1832
21|10|141|1839
21|10|141|1844
21|10|35|287
21|10|35|290
21|10|92|788
21|11|115|1212
21|11|115|1221
21|11|115|1243
21|11|115|1245
21|11|115|1246
21|11|115|1253
21|11|115|1259
21|11|115|1536
21|11|115|1562
21|11|115|1565
21|11|115|1582
21|11|115|1590
21|11|115|1606
21|11|115|2561
21|11|115|2570
21|11|115|2572
21|11|115|2581
21|11|115|2589
21|11|115|2590
21|11|115|2650
21|11|115|2654
21|12|115|1178
21|12|115|1205
21|12|115|1225
21|12|115|1314
21|12|115|1462
21|12|115|1469
21|12|115|1486
21|12|115|1518
21|12|115|1539
21|12|115|970
21|12|115|989
21|13|107|857
21|13|107|859
21|13|107|864
21|13|165|2086
21|13|165|2088
21|13|167|2095
21|13|167|2096
21|13|174|2180
21|13|175|2182
21|13|188|2303
21|13|19|155
21|13|19|197
21|13|19|212
21|13|19|214
21|13|70|569
21|13|87|732
21|14|153|1915
21|14|205|2420
21|14|3|38
21|14|56|496
21|14|89|771
21|15|149|1883
21|15|155|1934
21|15|155|1941
21|15|155|1952
21|15|155|1968
21|15|155|1970
21|15|155|1984
21|15|155|1989
21|15|155|2002
21|15|155|2005
21|15|155|2006
21|15|155|2010
21|1|72|594
21|1|72|601
21|1|72|611
21|1|72|622
21|2|108|867
21|2|208|2471
21|2|208|2473
21|2|208|2475
21|2|208|2479
21|2|208|2482
21|2|212|2515
21|2|40|320
21|2|54|467
21|2|54|474
21|2|54|480
21|2|79|693
21|2|80|700
21|2|85|725
21|2|86|728
21|3|157|2026
21|3|173|2139
21|3|173|2143
21|3|173|2148
21|3|173|2150
21|3|17|144
21|3|17|145
21|3|186|2274
21|3|186|2283
21|3|186|2288
21|3|44|344
21|3|44|345
21|3|44|359
21|3|55|489
21|3|55|490
21|3|55|492
21|4|209|2491
21|4|36|298
21|4|66|545
21|5|133|1737
21|5|133|1738
21|5|133|1747
21|5|133|1750
21|5|133|1756
21|5|133|1773
21|5|144|1865
21|5|144|1866
21|5|180|2240
21|5|180|2247
21|5|49|415
21|5|61|515
21|5|76|656
21|5|76|660
21|5|76|663
21|6|115|1320
21|6|115|1345
21|6|115|1360
21|6|115|1396
21|6|115|1398
21|6|115|1405
21|6|115|1411
21|6|115|1412
21|6|115|1417
21|6|115|1549
21|6|115|1596
21|6|115|2622
21|7|15|122
21|7|15|123
21|7|163|2061
21|7|4|45
21|8|109|878
21|8|109|879
21|8|117|1627
21|8|118|1638
21|8|131|1715
21|8|131|1718
21|8|143|1852
21|8|169|2110
21|8|169|2114
21|8|169|2115
21|8|199|2400
21|8|46|373
21|8|46|380
21|8|64|531
21|8|96|809
21|8|96|811
21|9|115|1011
21|9|115|1030
21|9|115|1051
21|9|115|1103
21|9|115|1135
22|1|12|245
22|1|12|246
22|1|13|259
22|1|18|677
22|1|2|37
22|1|2|43
22|1|3|72
22|1|4|76
22|1|4|82
22|1|4|89
22|1|4|91
22|1|4|92
22|1|4|93
22|1|8|154
22|2|16|564
22|2|16|581
22|2|16|583
22|2|16|590
22|2|16|595
22|2|16|601
22|2|16|606
22|2|16|624
22|2|16|627
22|2|16|629
22|2|16|633
22|2|16|634
22|2|16|636
22|2|16|798
22|2|17|648
22|2|17|657
22|2|17|668
22|2|17|671
22|2|6|122
22|2|6|127
22|2|6|128
22|3|14|268
22|3|14|270
22|3|14|307
22|3|14|308
22|3|14|316
22|3|14|321
22|3|14|323
22|3|14|329
22|3|14|330
22|3|14|331
22|3|14|343
22|3|14|345
22|3|14|519
22|3|14|522
22|3|14|524
22|3|14|535
22|3|14|539
22|3|14|541
22|3|14|543
22|3|14|544
22|3|14|549
22|3|14|696
22|3|14|751
22|3|14|759
22|3|14|832
22|3|14|853
22|3|14|859
22|4|14|275
22|4|14|276
22|4|14|305
22|4|14|350
22|4|14|364
22|4|14|387
22|4|14|403
22|4|14|421
22|4|14|430
22|4|14|435
22|4|14|466
22|4|14|472
22|4|14|486
22|4|14|488
22|4|14|505
22|4|14|719
22|5|10|195
22|5|10|196
22|5|10|199
22|5|10|760
22|5|10|761
22|5|1|1
22|5|5|111
22|5|5|113
22|5|5|117
22|5|5|97
22|5|5|99
22|5|7|139
22|5|7|148
23|1|2|192
23|1|2|200
23|1|2|203
23|1|6|292
23|1|8|206
23|1|8|726
23|1|8|750
23|1|8|773
23|1|8|885
23|2|3|222
23|2|3|225
23|2|3|250
23|2|5|267
23|2|5|274
23|2|5|275
23|2|7|299
23|2|7|304
23|2|7|317
23|2|7|332
23|2|7|334
23|2|7|337
23|2|7|362
23|2|7|378
23|2|7|424
23|2|7|795
23|2|7|799
23|2|7|800
23|3|1|181
23|3|1|32
23|3|1|5
23|3|1|521
23|3|1|54
23|3|1|561
23|3|1|7
23|3|1|79
23|3|1|857
23|4|11|179
23|4|1|121
23|4|1|137
23|4|1|161
23|4|1|170
23|4|1|175
23|4|1|578
23|4|1|589
23|4|1|596
23|4|1|619
23|4|1|626
23|4|1|649
24|1|15|389
24|1|15|398
24|1|20|502
24|1|20|514
24|1|20|515
24|1|20|523
24|1|21|573
24|1|34|1231
24|1|45|1553
24|1|50|1616
24|1|50|1619
24|1|50|1631
24|1|6|112
24|1|7|119
24|2|35|1251
24|2|35|1252
24|2|35|1274
24|2|35|1304
24|2|35|1825
24|2|35|1826
24|2|51|1639
24|2|51|1640
24|2|51|1647
24|2|51|1660
24|3|10|175
24|3|10|214
24|3|11|226
24|3|11|231
24|3|11|234
24|3|11|247
24|3|17|439
24|3|23|626
24|3|24|642
24|3|24|648
24|3|24|691
24|3|24|717
24|3|27|762
24|3|52|1683
24|3|53|1698
24|3|5|79
24|3|5|83
24|3|8|137
24|4|13|274
24|4|13|276
24|4|13|290
24|4|13|292
24|4|13|293
24|4|13|297
24|4|13|310
24|4|13|314
24|4|13|329
24|4|13|332
24|4|13|337
24|4|13|339
24|4|16|409
24|4|40|1448
24|4|40|1454
24|4|40|1466
24|4|40|1468
24|4|42|1501
24|5|28|1004
24|5|28|1022
24|5|28|1023
24|5|28|1040
24|5|28|773
24|5|28|774
24|5|28|775
24|5|28|783
24|5|28|800
24|5|28|801
24|5|28|817
24|5|28|821
24|5|28|835
24|5|28|838
24|5|28|860
24|5|28|873
24|5|28|874
24|5|28|886
24|5|28|904
24|5|28|999
24|6|28|1011
24|6|28|1016
24|6|28|1025
24|6|28|1026
24|6|28|1051
24|6|28|1072
24|6|28|1074
24|6|28|1075
24|6|28|1111
24|6|28|1126
24|6|28|1801
24|6|28|898
24|6|28|943
24|6|28|947
24|6|28|952
24|6|28|953
24|6|28|957
24|6|28|959
24|6|28|960
24|6|28|974
24|6|28|975
24|6|28|988
24|7|12|260
24|7|29|1141
24|7|37|1339
24|7|37|1390
24|7|37|1395
24|7|3|34
24|7|41|1486
24|7|55|1754
24|7|55|1764
24|7|58|1355
24|7|58|1364
24|7|58|1366
25|1|12|2661
25|1|12|2760
25|1|12|2872
25|1|12|2878
25|1|14|3136
25|1|14|3141
25|1|9|1863
25|2|1|1
25|2|1|142
25|2|1|18
25|2|1|199
25|2|1|225
25|2|1|229
25|2|1|230
25|2|1|237
25|2|1|240
25|2|1|243
25|2|1|267
25|2|1|283
25|2|1|313
25|2|1|34
25|2|1|354
25|2|1|393
25|2|1|409
25|2|1|427
25|2|1|430
25|2|1|443
25|2|1|48
25|2|1|66
25|3|13|3032
25|3|13|3080
25|3|13|3084
25|3|13|3116
25|3|15|3239
25|3|15|3241
25|3|15|3315
25|3|17|3491
25|3|17|3511
25|3|17|3536
25|3|17|3545
25|3|17|3559
25|3|18|3618
25|3|18|3706
25|3|18|3723
25|3|18|3750
25|3|2|459
25|3|2|496
25|3|2|544
25|3|2|546
25|3|2|547
25|3|3|598
25|4|10|1933
25|4|10|1942
25|4|10|2011
25|4|10|2020
25|4|10|2023
25|4|10|2074
25|4|11|2107
25|4|11|2127
25|4|11|2211
25|4|11|2459
25|4|11|2492
25|4|11|2514
25|4|7|1732
25|4|7|1782
25|4|7|1792
25|4|7|1794
25|5|6|1025
25|5|6|1169
25|5|6|1205
25|5|6|1275
25|5|6|1279
25|5|6|955
25|5|6|965
25|5|6|985
25|6|12|2667
25|6|12|2687
25|6|12|2693
25|6|12|2778
25|6|12|2931
25|6|12|3790
25|6|12|3799
25|6|8|1852
25|7|6|1210
25|7|6|1218
25|7|6|1219
25|7|6|1242
25|7|6|1322
25|7|6|1367
25|7|6|1387
25|7|6|1440
25|7|6|1494
25|7|6|1513
25|7|6|730
25|7|6|782
25|7|6|811
26|1|3|1362
26|1|53|648
26|1|55|737
26|2|30|1374
26|2|30|1428
26|2|30|1438
26|2|30|188
26|2|30|217
26|2|30|221
26|2|30|226
26|3|49|1352
26|3|49|1360
26|3|49|1449
26|3|49|1450
26|3|49|1451
26|3|49|1453
26|3|49|1463
26|3|49|1476
26|3|49|1480
26|3|49|340
26|3|49|355
26|3|49|363
26|3|49|420
26|3|49|604
26|3|49|605
26|4|60|1010
26|4|61|1058
26|4|61|1069
26|4|61|1515
26|5|49|1400
26|5|49|1402
26|5|49|413
26|5|49|414
26|5|49|416
26|5|49|443
26|5|49|509
26|5|49|524
26|5|49|552
26|5|49|565
26|5|49|578
26|5|49|581
26|6|59|807
26|6|59|830
26|6|59|867
26|6|59|869
26|6|59|873
26|6|59|890
26|6|59|899
26|6|59|903
26|6|59|905
26|6|59|927
26|6|59|952
26|6|59|955
26|6|59|973
26|6|59|977
26|7|64|1211
26|7|64|1228
26|7|65|1235
26|7|65|1257
26|7|65|1260
26|7|65|1293
27|1|12|879
27|1|12|881
27|1|12|883
27|1|12|915
27|1|12|944
27|1|12|945
27|1|17|1113
27|1|17|1114
27|1|1|4
27|2|2|112
27|2|2|152
27|2|8|712
27|2|8|731
27|2|8|736
27|2|8|747
27|2|8|763
27|3|5|549
27|3|5|582
27|3|6|627
27|3|6|630
27|3|6|638
27|3|6|641
27|4|4|238
27|4|4|243
27|4|4|247
27|4|4|251
27|4|4|294
27|4|4|306
27|4|4|332
27|4|4|333
27|4|4|335
27|4|4|345
27|4|4|351
27|4|4|355
27|4|4|376
27|4|4|421
27|4|4|440
27|5|10|836
27|5|13|968
27|5|14|1005
27|5|14|997
27|5|3|193
27|5|3|213
27|5|3|214
27|6|16|1073
27|6|16|1079
27|6|16|1086
27|6|4|470
27|6|4|489
27|6|4|494
27|6|4|508
28|1|27|1830
28|1|27|1840
28|1|27|1981
28|1|27|1991
28|1|27|760
28|1|27|765
28|1|27|782
28|1|27|785
28|1|27|798
28|1|27|809
28|1|27|810
28|1|27|813
28|1|27|820
28|1|27|835
28|1|27|839
28|1|27|849
28|1|27|854
28|1|27|864
28|1|27|868
28|1|27|874
28|1|27|891
28|1|27|902
28|1|27|904
28|2|24|716
28|2|32|1016
28|2|32|1018
28|2|32|1031
28|2|32|1036
28|2|32|1044
28|2|32|1057
28|2|32|1075
28|2|32|1785
28|2|32|1790
28|2|32|1969
28|2|32|946
28|2|32|952
28|2|32|953
28|2|32|966
28|2|32|971
28|2|32|973
28|2|7|125
28|2|7|139
28|3|10|261
28|3|22|2003
28|3|22|2005
28|3|22|2009
28|3|22|514
28|3|22|562
28|3|22|687
28|3|23|714
28|3|33|1142
28|3|33|1147
28|3|33|1156
28|3|33|1157
28|3|33|1172
28|3|33|1174
28|3|33|1179
28|3|33|1190
28|3|33|1196
28|3|35|1242
28|3|35|1264
28|3|35|1277
28|3|40|1527
28|3|40|1530
28|3|40|1547
28|3|40|1552
28|4|22|521
28|4|22|565
28|4|22|568
28|4|22|569
28|4|22|571
28|4|22|576
28|4|22|607
28|4|22|620
28|4|22|625
28|4|22|627
28|4|22|638
28|4|22|647
28|4|22|653
28|4|22|667
28|4|22|669
28|4|22|672
28|5|13|326
28|5|16|348
28|5|16|367
28|5|34|1221
28|5|41|1568
28|5|41|1575
28|5|41|1576
28|5|41|1599
28|5|41|1600
28|5|41|1602
28|5|41|1604
28|5|41|1608
28|5|41|1627
28|5|41|1649
28|5|41|1650
28|5|41|1652
28|5|41|1653
28|5|41|1660
28|5|41|1661
28|5|41|1672
28|5|41|1673
28|5|41|1676
28|5|41|1690
28|5|41|1693
28|6|11|266
28|6|11|268
28|6|19|391
28|6|19|394
28|6|21|428
28|6|21|435
28|6|21|443
28|6|21|455
28|6|21|479
28|6|21|486
28|6|29|908
28|6|29|913
28|6|2|16
28|6|2|19
28|6|2|23
28|6|2|28
28|6|2|30
28|6|31|933
28|6|37|1286
28|6|39|1497
28|6|43|1724
28|6|4|106
28|6|6|120
28|7|3|2015
28|7|3|2019
28|7|3|2021
28|7|3|35
28|7|3|40
28|7|3|42
28|7|3|59
28|7|3|69
28|7|3|80
28|7|3|88
28|7|3|89
28|7|3|90
28|7|3|95
28|7|9|172
28|7|9|188
28|7|9|195
28|7|9|211
28|8|38|1312
28|8|38|1313
28|8|38|1316
28|8|38|1328
28|8|38|1330
28|8|38|1345
28|8|38|1359
28|8|38|1378
28|8|38|1380
28|8|38|1393
28|8|38|1402
28|8|38|1403
28|8|38|1414
28|8|38|1420
28|8|38|1425
28|8|38|1427
28|8|38|1449
28|8|38|1453
28|8|38|1477
28|8|9|213
28|8|9|251
28|9|32|1071
28|9|32|1101
28|9|32|1106
28|9|32|1113
28|9|32|1114
28|9|32|1122
28|9|32|1767
28|9|32|1797
28|9|32|1799
28|9|32|1867
28|9|32|1870
28|9|32|1881
28|9|32|1885
28|9|32|1910
28|9|32|1923
29|1|13|189
29|1|13|190
29|1|13|215
29|1|16|259
29|1|30|404
29|1|31|416
29|1|34|495
29|1|34|499
29|1|34|504
29|1|38|527
29|1|38|528
29|1|39|538
29|1|39|540
29|1|39|541
29|1|3|14
29|1|50|534
29|1|5|67
29|1|7|102
29|1|7|106
29|1|8|110
29|1|9|118
29|2|10|132
29|2|10|144
29|2|17|265
29|2|18|279
29|2|22|311
29|2|25|349
29|2|25|362
29|2|25|363
29|2|25|364
29|2|28|380
29|2|28|386
29|2|2|7
29|2|2|9
29|2|33|441
29|2|33|453
29|2|33|461
29|2|33|464
29|2|33|469
29|2|41|562
29|2|51|159
29|2|52|151
29|3|15|232
29|3|15|234
29|3|20|293
29|3|23|322
29|3|23|323
29|3|23|330
29|3|24|336
29|3|24|342
29|3|24|346
29|3|36|517
29|3|42|573
29|3|43|584
29|3|45|316
29|3|48|603
29|3|53|430
29|3|57|551
29|3|59|587
29|3|6|86
29|3|6|89
2|1|2|1807
2|1|2|1839
2|1|2|1945
2|1|2|398
2|1|2|418
2|1|2|477
2|1|2|501
2|1|2|512
2|1|2|559
2|1|2|560
2|1|2|573
2|1|2|575
2|1|2|596
2|1|2|603
2|1|2|608
2|1|2|643
2|2|2|219
2|2|2|237
2|2|2|339
2|2|2|346
2|2|2|388
2|2|2|459
2|2|2|523
2|2|2|544
2|2|2|565
2|3|1|109
2|3|1|114
2|3|1|1866
2|3|1|200
2|3|1|33
2|3|1|35
2|3|1|54
2|3|1|60
2|3|1|62
2|3|1|80
2|3|1|81
2|3|1|95
2|4|4|1050
2|4|4|1153
2|4|4|1395
2|4|4|1421
2|4|4|1452
2|4|4|1466
2|4|4|1467
2|4|4|1473
2|4|4|1475
2|4|4|1479
2|4|4|1531
2|4|4|1533
2|4|4|1606
2|4|4|1638
2|4|4|1701
2|4|4|1784
2|5|4|1014
2|5|4|1025
2|5|4|1053
2|5|4|1078
2|5|4|1085
2|5|4|1086
2|5|4|1106
2|5|4|1118
2|5|4|1125
2|5|4|1155
2|5|4|1305
2|5|4|941
2|5|4|961
2|5|4|970
2|6|4|1245
2|6|4|1360
2|6|4|1484
2|6|4|1499
2|6|4|1508
2|6|4|1514
2|6|4|1525
2|6|4|762
2|6|4|770
2|6|4|805
2|6|4|819
2|6|4|821
2|6|4|832
2|6|4|858
2|6|4|875
2|6|4|876
2|6|4|877
2|6|4|897
2|6|4|909
2|6|4|954
2|6|4|995
2|7|1|13
2|7|2|1655
2|7|3|702
2|7|3|717
2|7|3|719
2|7|3|732
2|7|3|734
2|8|4|1001
2|8|4|1009
2|8|4|1033
2|8|4|1035
2|8|4|1198
2|8|4|1209
2|8|4|1210
2|8|4|1227
2|8|4|1237
2|8|4|1288
2|8|4|1339
2|8|4|1346
2|8|4|1352
2|8|4|1792
2|8|4|1885
2|8|4|1889
2|8|4|1890
2|8|4|1891
30|10|89|1852
30|10|89|1868
30|10|89|1877
30|10|89|1882
30|10|89|1885
30|10|89|1891
30|10|89|1907
30|10|89|1924
30|10|89|1926
30|10|89|1961
30|10|89|1962
30|10|89|1969
30|10|89|1987
30|10|89|1999
30|10|89|2004
30|10|89|2021
30|10|89|2023
30|10|89|2034
30|10|89|2039
30|10|89|2048
30|10|89|2050
30|10|89|2058
30|10|89|2065
30|10|89|2086
30|10|89|2089
30|11|41|774
30|11|41|786
30|11|41|806
30|11|41|809
30|11|41|817
30|11|41|818
30|11|41|850
30|11|41|880
30|11|41|892
30|11|41|908
30|12|101|2249
30|12|101|2263
30|12|106|2390
30|12|106|2391
30|12|106|2392
30|12|192|4220
30|12|192|4252
30|12|192|4296
30|12|192|4445
30|12|29|513
30|12|29|541
30|12|29|545
30|12|29|576
30|12|29|578
30|12|29|579
30|12|29|582
30|12|92|2139
30|13|127|3025
30|13|149|3514
30|13|173|3875
30|13|173|3886
30|13|173|3896
30|13|200|4565
30|13|200|4569
30|13|45|970
30|13|45|976
30|13|77|1672
30|13|77|1681
30|14|109|2430
30|14|109|2469
30|14|109|2479
30|14|109|2484
30|14|109|2491
30|14|109|2495
30|14|109|2502
30|14|109|2515
30|14|143|3411
30|14|145|3488
30|14|145|3492
30|14|209|1592
30|14|209|1595
30|14|63|1422
30|14|63|1424
30|14|63|1428
30|14|72|1582
30|14|72|1588
30|15|119|2668
30|15|119|2744
30|15|139|3299
30|15|139|3302
30|15|30|589
30|15|49|1162
30|15|87|1804
30|15|87|1811
30|15|87|1816
30|15|87|1823
30|16|14|318
30|16|164|3756
30|16|185|4081
30|16|22|408
30|16|46|1005
30|16|46|1006
30|16|46|1008
30|16|46|1011
30|16|46|1014
30|16|46|1034
30|16|46|1041
30|16|46|1060
30|16|46|1062
30|16|46|1072
30|16|46|980
30|16|46|986
30|16|64|1462
30|16|70|1552
30|17|131|3092
30|17|168|3780
30|17|168|3783
30|17|204|4625
30|17|204|4628
30|17|204|4634
30|17|3|37
30|17|47|1095
30|17|47|1101
30|17|47|1105
30|17|86|1794
30|18|100|2240
30|18|100|2241
30|18|114|2607
30|18|116|2638
30|18|172|3831
30|18|201|4573
30|18|31|601
30|19|142|3328
30|19|142|3347
30|19|142|3374
30|19|142|3375
30|19|142|3383
30|19|144|3457
30|19|177|3990
30|19|34|632
30|19|34|637
30|19|34|652
30|1|122|2798
30|1|124|2836
30|1|124|2845
30|1|124|2863
30|1|152|3556
30|1|152|3562
30|1|153|3573
30|1|153|3577
30|1|155|3599
30|1|15|331
30|1|15|335
30|1|15|337
30|1|160|3710
30|1|160|3713
30|1|160|3730
30|1|207|4710
30|1|207|4711
30|20|123|2812
30|20|199|4557
30|20|205|4650
30|20|205|4654
30|20|50|1203
30|20|50|1213
30|20|50|1222
30|20|50|1224
30|20|50|1228
30|20|50|1248
30|20|61|1397
30|20|75|1649
30|20|91|2122
30|20|91|2124
30|2|130|3071
30|2|156|3613
30|2|156|3619
30|2|156|3620
30|2|156|3648
30|2|156|3663
30|2|169|3800
30|2|74|1634
30|2|80|1719
30|2|82|1741
30|3|188|4101
30|3|188|4120
30|3|188|4122
30|3|188|4126
30|3|188|4138
30|3|33|617
30|3|35|656
30|3|35|667
30|3|8|154
30|3|8|165
30|4|192|4217
30|4|192|4225
30|4|192|4232
30|4|192|4237
30|4|192|4255
30|4|192|4260
30|4|192|4307
30|4|192|4365
30|4|192|4367
30|4|192|4385
30|4|192|4419
30|4|192|4421
30|4|192|4423
30|4|192|4452
30|4|192|4475
30|4|192|4476
30|4|192|4485
30|4|192|4490
30|4|192|4495
30|4|192|4774
30|4|192|4787
30|4|192|4799
30|5|132|3161
30|5|132|3162
30|5|132|3194
30|5|174|3939
30|5|174|3941
30|5|174|3943
30|6|115|2613
30|6|115|2617
30|6|125|2916
30|6|125|2956
30|6|125|2979
30|6|125|2982
30|6|125|2988
30|6|158|3681
30|6|39|710
30|6|53|1276
30|6|68|1511
30|6|69|1524
30|6|71|1570
30|7|103|2281
30|7|103|2285
30|7|103|2286
30|7|103|2307
30|7|103|2311
30|7|110|2547
30|7|110|2559
30|7|110|2565
30|7|11|244
30|7|182|4073
30|7|24|434
30|7|24|435
30|7|88|1830
30|7|88|1839
30|8|113|2605
30|8|165|3760
30|8|186|4083
30|8|190|4191
30|8|190|4194
30|8|197|4550
30|8|67|1502
30|8|96|2203
30|9|129|3039
30|9|129|3041
30|9|129|3061
30|9|137|3286
30|9|137|3287
30|9|157|3671
30|9|163|3749
30|9|176|3980
30|9|176|3981
30|9|176|3982
30|9|194|4511
30|9|1|2
30|9|27|479
30|9|38|705
30|9|40|720
30|9|40|729
30|9|40|736
30|9|40|753
30|9|48|1161
31|1|102|1016
31|1|102|1030
31|1|21|93
31|1|32|139
31|1|84|866
31|1|96|951
31|1|96|961
31|2|13|60
31|2|41|207
31|2|41|212
31|2|41|220
31|2|59|750
31|2|5|26
31|2|67|783
31|3|50|1086
31|3|50|1115
31|3|50|309
31|3|50|341
31|3|50|473
31|3|50|562
31|3|50|576
31|3|50|594
31|3|50|649
31|4|50|1065
31|4|50|264
31|4|50|294
31|4|50|295
31|4|50|399
31|4|50|440
31|4|50|638
31|4|50|641
31|5|55|692
31|5|56|703
32|1|10|194
32|1|10|212
32|1|10|230
32|1|10|286
32|1|10|292
32|1|10|318
32|1|10|344
32|1|13|383
32|1|21|717
32|1|42|1303
32|1|42|1323
32|1|5|54
32|1|5|55
32|2|18|565
32|2|19|566
32|2|19|568
32|2|20|617
32|2|20|645
32|2|20|647
32|2|20|654
32|2|23|756
32|2|31|923
32|2|31|940
32|2|34|1002
32|2|34|1008
32|2|34|1018
32|2|34|965
32|2|34|979
32|2|34|995
32|2|36|1051
32|2|48|1522
32|2|49|1527
32|2|49|1596
32|2|4|37
32|2|55|1727
32|2|55|1740
32|2|8|105
32|3|14|389
32|3|14|413
32|3|14|427
32|3|22|737
32|3|26|834
32|3|26|835
32|3|26|837
32|3|27|871
32|3|29|886
32|3|37|1087
32|3|39|1200
32|3|39|1206
32|3|39|1208
32|3|39|1215
32|3|39|1221
32|3|39|1240
32|3|51|1610
32|3|51|1618
32|3|51|1627
32|3|56|1808
32|3|56|1825
32|3|56|1841
32|3|56|1874
32|4|16|441
32|4|16|452
32|4|17|1884
32|4|17|1909
32|4|17|470
32|4|17|481
32|4|17|507
32|4|17|513
32|4|24|777
32|4|24|785
32|4|38|1095
32|4|38|1124
32|4|38|1142
32|4|38|1158
32|4|54|1709
3|1|1|14
3|1|3|126
3|1|3|141
3|1|3|173
3|1|3|221
3|1|3|445
3|2|4|298
3|2|4|316
3|2|4|318
3|2|4|358
3|2|4|360
3|2|4|361
3|2|4|376
3|2|4|402
3|2|4|416
3|2|4|417
3|2|4|424
4|1|11|415
4|1|1|109
4|1|1|12
4|1|1|13
4|1|1|133
4|1|1|139
4|1|1|39
4|1|1|66
4|1|1|73
4|1|1|79
4|1|1|81
4|1|1|96
4|1|2|154
4|1|2|166
4|1|5|368
4|1|5|369
4|1|5|371
4|1|5|378
4|1|6|382
4|2|3|183
4|2|3|186
4|2|3|197
4|2|3|233
4|2|3|267
4|2|3|518
4|2|4|346
4|2|4|351
4|2|9|356
5|1|14|245
5|1|19|449
5|1|22|509
5|1|22|518
5|1|25|1555
5|1|25|580
5|1|25|581
5|1|25|584
5|1|25|585
5|1|25|587
5|1|25|622
5|1|25|625
5|1|25|638
5|1|25|641
5|1|2|14
5|1|2|1683
5|1|2|1701
5|1|2|3
5|1|2|35
5|1|2|6
5|1|32|1070
5|1|32|1081
5|1|38|1511
5|1|38|1515
5|2|20|464
5|2|20|467
5|2|20|475
5|2|20|479
5|2|21|502
5|2|27|664
5|2|33|1094
5|2|33|1096
5|2|33|1100
5|2|33|1112
5|2|33|1115
5|2|33|1155
5|2|33|1157
5|2|6|102
5|2|6|87
5|2|9|136
5|2|9|137
5|2|9|163
5|3|10|175
5|3|10|184
5|3|13|239
5|3|18|323
5|3|18|324
5|3|18|333
5|3|18|371
5|3|18|387
5|3|18|390
5|3|18|398
5|3|18|415
5|3|18|427
5|3|18|432
5|3|18|433
5|3|18|436
5|3|18|437
5|3|18|440
5|3|28|692
5|3|28|693
5|3|28|703
5|3|28|710
5|3|28|727
5|3|3|50
5|3|8|128
5|4|30|730
5|4|30|733
5|4|30|751
5|4|30|754
5|4|30|755
5|4|30|759
5|4|30|762
5|4|30|777
5|4|30|782
5|4|30|786
5|4|30|797
5|4|30|868
5|4|30|871
5|4|30|905
5|4|30|907
5|4|30|908
5|4|30|909
5|4|30|913
5|4|30|936
5|4|30|955
5|4|30|979
5|4|4|61
5|5|35|1177
5|5|35|1196
5|5|35|1204
5|5|35|1233
5|5|35|1236
5|5|35|1263
5|5|35|1273
5|5|35|1283
5|5|35|1294
5|5|35|1335
5|5|35|1339
5|5|35|1343
5|5|35|1350
5|5|35|1361
5|5|35|1362
5|5|35|1372
5|5|35|1373
5|5|35|1383
5|5|35|1403
5|5|35|1410
5|5|35|1413
5|5|35|1416
5|5|35|1426
5|5|35|1427
5|5|35|1442
5|5|35|1447
5|6|17|265
5|6|17|269
5|6|17|272
5|6|17|274
5|6|17|286
5|6|17|288
5|6|17|289
5|6|17|297
5|6|17|304
5|6|17|312
5|6|35|1310
5|6|35|1314
5|6|35|1351
5|6|35|1355
5|6|35|1359
5|6|35|1360
5|6|35|1461
5|6|35|1463
5|6|35|1469
5|6|35|1540
5|6|35|1607
5|6|36|1490
5|7|11|228
5|7|24|552
5|7|24|553
5|7|24|557
5|7|24|565
5|7|30|743
5|7|30|766
5|7|30|787
5|7|30|793
5|7|30|859
5|7|30|890
5|7|30|918
5|7|30|924
5|7|30|927
5|7|30|961
5|7|30|968
5|7|30|969
5|7|30|971
5|7|30|972
5|7|30|984
5|7|30|999
6|1|1|2
6|1|1|20
6|1|1|25
6|1|1|3
6|1|1|52
6|1|1|62
6|1|1|63
6|1|1|69
6|1|1|7
6|1|1|77
6|1|2|101
6|1|2|103
6|1|2|94
6|1|4|120
6|1|4|127
6|1|4|128
6|1|4|136
6|1|5|145
6|1|5|146
6|1|5|147
6|1|5|159
6|1|5|357
6|2|10|287
6|2|10|289
6|2|10|297
6|2|10|310
6|2|10|318
6|2|10|336
6|2|6|173
6|2|6|174
6|2|8|201
6|2|8|208
6|2|8|229
6|2|8|238
6|2|8|250
6|2|8|252
6|2|8|259
6|2|9|271
7|10|108|1839
7|10|108|1843
7|10|108|1845
7|10|108|1853
7|10|109|1866
7|10|46|649
7|11|114|747
7|11|41|603
7|11|4|37
7|11|52|718
7|11|52|722
7|11|52|730
7|11|64|925
7|11|64|937
7|11|64|941
7|11|95|1455
7|11|95|1457
7|12|101|1590
7|12|101|1596
7|12|15|168
7|12|88|1260
7|12|90|1278
7|12|90|1343
7|12|90|2002
7|12|90|2006
7|12|90|2008
7|12|90|2011
7|13|30|451
7|13|54|775
7|1|65|953
7|1|76|1092
7|1|76|1108
7|1|96|1480
7|2|13|145
7|2|26|386
7|2|26|396
7|2|44|635
7|2|49|683
7|2|49|689
7|2|71|1047
7|2|82|1207
7|3|31|471
7|4|12|130
7|4|12|136
7|4|48|671
7|4|68|1002
7|4|68|998
7|4|73|1064
7|4|78|1166
7|5|111|1921
7|5|23|353
7|5|77|1119
7|5|77|1120
7|5|77|1124
7|5|77|1131
7|5|77|1142
7|5|77|1151
7|5|77|1153
7|5|79|1178
7|5|94|1442
7|6|102|1730
7|6|102|1736
7|6|102|1742
7|6|102|1748
7|6|102|1749
7|6|27|404
7|6|27|417
7|6|27|419
7|6|27|423
7|7|107|1814
7|7|107|1815
7|7|107|1823
7|7|40|587
7|7|69|1008
7|7|69|1014
7|7|69|1018
7|7|9|104
7|7|9|107
7|8|106|1799
7|8|19|257
7|8|19|260
7|8|19|264
7|8|19|291
7|8|74|1075
7|8|99|1543
7|9|102|1604
7|9|102|1607
7|9|102|1618
7|9|102|1620
7|9|102|1625
7|9|102|1658
7|9|102|1689
7|9|102|1708
7|9|102|1720
7|9|102|1729
7|9|102|2018
7|9|102|2024
8|1|37|1815
8|1|37|1846
8|1|37|1853
8|1|37|1930
8|1|37|2765
8|1|37|2796
8|1|37|2804
8|2|10|170
8|2|1|8
8|2|28|1126
8|2|35|1384
8|2|37|1916
8|2|37|2903
8|2|37|2920
8|2|37|3030
8|2|37|3058
8|2|37|3067
8|2|37|3141
8|2|50|2397
8|3|37|1425
8|3|37|1443
8|3|37|1456
8|3|37|1465
8|3|37|1498
8|3|37|1510
8|3|37|1553
8|3|37|1911
8|3|37|1977
8|3|37|2013
8|3|37|2053
8|3|37|2093
8|3|37|2136
8|3|37|2178
8|3|37|2189
8|3|37|2197
8|4|37|1588
8|4|37|1621
8|4|37|1642
8|4|37|1651
8|4|37|1658
8|4|37|1665
8|4|37|1683
8|4|37|1694
8|4|37|1756
8|4|37|1759
8|4|37|1963
8|4|37|1993
8|4|37|2037
8|5|11|194
8|5|11|203
8|5|11|208
8|5|11|217
8|5|21|1006
8|5|21|1015
8|5|21|927
8|5|21|930
8|5|21|942
8|5|21|975
8|5|21|983
8|5|21|984
8|5|21|991
8|5|2|26
8|5|36|1389
8|5|36|1411
8|5|45|2291
8|5|45|2315
8|5|55|2540
8|6|19|2888
8|6|19|3180
8|6|19|3204
8|6|19|3209
8|6|19|410
8|6|19|411
8|6|19|415
8|6|19|447
8|6|19|554
8|6|19|653
8|6|19|659
8|6|19|682
8|6|19|726
8|6|19|753
8|6|19|756
8|6|19|775
8|6|19|777
8|6|19|805
8|6|19|808
8|6|19|829
8|6|19|830
8|6|19|836
8|7|17|349
8|7|20|918
8|7|26|1077
8|7|31|1198
8|7|40|2224
8|7|40|2225
8|7|40|2230
8|7|40|2231
8|7|40|2232
8|7|48|2352
8|7|63|2658
8|8|19|2887
8|8|19|3215
8|8|19|3217
8|8|19|3220
8|8|19|3232
8|8|19|3233
8|8|19|482
8|8|19|490
8|8|19|527
8|8|19|537
8|8|19|541
8|8|19|591
8|8|19|597
8|8|19|598
8|8|19|600
8|8|19|609
8|8|19|649
8|8|19|672
8|8|19|713
8|8|19|717
8|8|19|768
8|9|12|221
8|9|14|257
8|9|32|1276
8|9|32|1294
8|9|32|1338
8|9|57|2550
8|9|60|2580
8|9|61|2608
8|9|65|2676
8|9|7|102
9|10|16|4915
9|10|16|4934
9|10|16|4955
9|10|16|4964
9|10|16|4980
9|10|16|5005
9|10|16|5038
9|10|16|5044
9|10|16|5047
9|10|16|5051
9|10|16|5074
9|10|16|5079
9|10|16|5080
9|10|16|5100
9|10|16|5107
9|10|16|5118
9|10|16|5129
9|10|16|5149
9|10|16|5164
9|10|16|5166
9|11|17|5317
9|11|17|5350
9|11|17|5451
9|11|17|5467
9|11|17|5474
9|11|17|5487
9|11|17|5488
9|11|17|5493
9|12|15|4545
9|12|15|4546
9|12|15|4548
9|12|15|4560
9|12|15|4584
9|12|15|4636
9|12|15|4702
9|12|15|4711
9|12|15|4758
9|12|15|4760
9|12|15|4783
9|12|15|4797
9|12|15|4844
9|12|15|4859
9|12|15|4874
9|12|15|4896
9|13|6|1679
9|13|6|1755
9|13|6|1773
9|13|6|1783
9|13|6|1821
9|13|6|1823
9|13|6|1841
9|13|6|1856
9|13|6|1869
9|13|6|1931
9|13|6|1953
9|14|12|3785
9|14|12|3787
9|14|12|3793
9|14|12|3794
9|15|14|4271
9|15|14|4291
9|15|14|4325
9|15|14|4341
9|15|14|4357
9|15|14|4419
9|15|14|4430
9|15|14|4435
9|15|14|4453
9|15|14|4460
9|15|14|4489
9|15|14|4501
9|15|14|4519
9|16|10|3176
9|16|10|3190
9|16|10|3201
9|16|10|3209
9|16|10|3256
9|16|10|3265
9|16|10|3268
9|16|10|3286
9|16|10|3303
9|16|10|3307
9|16|10|3310
9|16|10|3340
9|16|10|3369
9|16|10|3401
9|16|10|3403
9|16|10|3417
9|16|10|3419
9|16|10|3449
9|16|10|3490
9|16|10|3491
9|17|10|3277
9|17|10|3361
9|17|10|3363
9|17|10|3364
9|17|10|3389
9|17|10|3391
9|17|10|3518
9|17|10|3560
9|17|10|3561
9|17|10|3585
9|17|10|3588
9|17|10|3594
9|17|10|3605
9|17|4|752
9|17|4|754
9|17|4|768
9|17|4|780
9|17|4|782
9|17|4|788
9|17|4|800
9|17|4|814
9|18|7|1973
9|18|7|2027
9|18|7|2030
9|18|7|2352
9|18|7|2399
9|18|7|2403
9|18|7|2432
9|18|7|2440
9|18|7|2467
9|18|7|2472
9|18|7|2475
9|19|7|2047
9|19|7|2277
9|19|7|2293
9|19|7|2296
9|19|7|2504
9|19|7|2506
9|19|7|2540
9|19|7|2628
9|19|7|2778
9|1|5|852
9|1|5|854
9|1|5|857
9|1|5|865
9|1|5|882
9|1|5|885
9|1|5|893
9|1|5|909
9|1|5|915
9|1|5|916
9|1|5|930
9|1|5|933
9|1|5|939
9|1|5|971
9|1|5|987
9|20|7|2015
9|20|7|2070
9|20|7|2071
9|20|7|2076
9|20|7|2110
9|20|7|2113
9|20|7|2115
9|20|7|2139
9|20|7|2162
9|20|7|2166
9|20|7|2207
9|20|7|2232
9|20|7|2291
9|20|7|2329
9|20|7|2338
9|21|13|4127
9|21|13|4164
9|21|13|4165
9|21|13|4166
9|21|13|4174
9|21|13|4177
9|21|13|4217
9|21|13|4223
9|21|13|4226
9|21|13|4227
9|21|13|4228
9|21|13|4245
9|21|13|4247
9|21|13|4252
9|21|13|4260
9|21|13|4262
9|21|9|3119
9|21|9|3125
9|21|9|3130
9|21|9|3140
9|21|9|3149
9|21|9|3151
9|21|9|3155
9|22|7|2570
9|22|7|2576
9|22|7|2586
9|22|7|2594
9|22|7|2612
9|22|7|2617
9|22|7|2714
9|22|7|2721
9|22|7|2779
9|22|7|2787
9|22|7|2796
9|22|7|2803
9|22|7|2805
9|22|7|2812
9|22|7|2816
9|22|7|2862
9|23|3|348
9|23|3|365
9|23|3|371
9|23|3|439
9|23|3|469
9|23|3|482
9|23|3|510
9|23|3|605
9|23|3|623
9|23|3|699
9|23|3|717
9|23|3|728
9|24|13|4115
9|24|13|4137
9|24|13|4148
9|24|13|4202
9|24|3|544
9|24|3|603
9|24|3|633
9|24|3|640
9|24|3|663
9|24|3|671
9|2|5|1039
9|2|5|1042
9|2|5|1091
9|2|5|1099
9|2|5|1109
9|2|5|1127
9|2|5|1147
9|2|5|1152
9|2|5|1195
9|2|5|1217
9|2|5|1246
9|2|5|1275
9|2|5|1279
9|2|5|1299
9|2|5|1301
9|2|5|1313
9|2|5|1320
9|2|5|1458
9|2|5|1478
9|2|5|1489
9|2|5|1551
9|3|2|163
9|3|2|169
9|3|2|172
9|3|2|173
9|3|2|176
9|3|2|187
9|3|2|206
9|3|2|210
9|3|2|220
9|3|2|221
9|3|2|233
9|3|2|246
9|3|2|258
9|3|2|264
9|3|2|29
9|3|2|32
9|3|2|337
9|3|2|9
9|3|2|96
9|3|2|99
9|4|7|2666
9|4|7|2890
9|4|7|2891
9|4|7|2910
9|4|7|2937
9|4|7|2954
9|4|7|2959
9|5|12|3910
9|5|12|3981
9|5|12|3987
9|5|12|4006
9|5|12|4012
9|5|12|4014
9|5|12|4059
9|5|12|4067
9|5|12|4068
9|5|12|4093
9|6|10|3225
9|6|10|3231
9|6|10|3233
9|6|10|3592
9|6|8|2974
9|6|8|3040
9|6|8|3043
9|6|8|3048
9|6|8|3049
9|6|8|3066
9|6|8|3073
9|6|8|3095
9|6|8|3103
9|7|5|1339
9|7|5|1348
9|7|5|1352
9|7|5|1435
9|7|5|1546
9|7|5|1601
9|7|5|1605
9|7|5|1635
9|8|15|4586
9|8|15|4590
9|8|15|4597
9|8|15|4600
9|8|15|4610
9|8|15|4627
9|8|15|4659
9|8|15|4676
9|8|15|4707
9|8|15|4713
9|8|15|4727
9|8|15|4731
9|8|17|5235
9|8|17|5243
9|8|17|5246
9|8|17|5270
9|9|11|3611
9|9|11|3616
9|9|11|3633
9|9|11|3641
9|9|11|3657
9|9|11|3679
9|9|11|3683
9|9|11|3684
9|9|11|3697
9|9|11|3716
9|9|11|3717
9|9|11|3721
9|9|11|5550
entidad|distrito_f|municipio|seccion
